
h: [1.25, 1.25, 0.9, 0.8, 1.9, 1.2, 0.8, 1.5, 1.0, 1.0, 1.2, 0.75]
	
f: [450.0, 500.00, 700.00, 550.00,  550.00,  630.00,  680.00,  580.00,  620.00, 470.00,  490.00, 610.00]

SI: [83.0, 31.00, 11.00, 93.00,  82.00,  72.00,  23.00,  91.00,  83.00, 34.00,  61.00,  82.00]

SF: [20.0, 20.00, 20.00, 20.00,  20.00,  20.00,  20.00,  20.00,  20.00, 20.00,  20.00,  20.00]

D: [
0,   95,  110, 96,  86,  124, 83,  108, 114, 121,  
98,  96,  96,  98,  103, 104, 122, 101, 89,  108,  
106, 0,   89,  123, 96,  105, 83,  82,  112, 109, 
98,  121, 0,   105, 98,  96,  101, 81,  117, 76,   
0,   124, 113, 123, 123, 79,  111, 98,  97,  80, 
103, 102, 0,   95,  107, 105, 107, 105, 75,  93,    
110, 93,  0,   112, 84,  124, 98,  101, 83,  87, 
85,  92,  101, 110, 93,  96,  120, 109, 121, 87, 
122, 116, 109, 0,   105, 108, 88,  98,  77,  90, 
120, 124, 94,  105, 92,  86,  101, 106, 75,  109,
117, 96,  78,  0,   108, 87,  114, 107, 110, 94, 
125, 112, 75,  0,   116, 103, 122, 88,  85,  84 
]

L: [1600, 1800]

alpha: [1.2, 0.8, 1.5, 1.0, 1.0, 1.2, 0.75, 1.25, 1.25, 0.9, 0.8, 1.9, 0.8, 2.5, 0.7, 2.2, 1.4, 0.8, 0.9,  0.8,  1.0,  1.3, 1.5, 2.2]